IQ
IQ
IQ
IQ
IQ
IQ
IQ
IQ
IQ
IQ
IQ
IQ