YK
YK
YK
YK