OU
OU