Z1
Z2
Z2
Z1
Z2
Z2
Z1
Z1
Z2
Z1
Z2
Z1
Z2
Z2
Z2
Z1
Z1
Z2
Z1
Z2
Z1
Z1
Z1
Z1
Z2
Z2
Z1
Z2
Z1
Z2
Z2