FA
FA
FA
FA
FA
FA
FA
FA
FA
FA
FA
FA
FA
F9
FA
FA
FA
FA
FA
FA
FA
FA
FA
FA
FA
F9
FA
F9
F9
F9
F9
F9
F9
FA
FA