R5
R5
R5