ZE
ZF
ZG
ZF
ZH