jT
jR
jS