1VG
1VF