XA
XA
XA