N8
N9
N9