HK
HL