zY
zZ
zZ