KE
KD
KD
KD
KD
KD
KD
KD