U8
U8
U8
U8