A9
A9
A9
A9
A9
A9
A9
A9
A9
A9
A9
A9
A9
A9
A9
A9
A9
A9
A9
A9
A9
A9
A9
A9
A9