Ne
Ng
Ne
Nf