bY
bY
bY
bY
bY
bY
bY
bY