3B
3B
3B